[[0.86226091]
 [0.44890948]
 [5.90501138]]
[[0.84944859]
 [3.97318193]
 [0.23020025]]
[[0.08341813]
 [1.11218649]
 [0.74161406]]
[[0.85565327]
 [3.96668675]
 [0.23145109]]
[[0.85782614]
 [3.96442183]
 [0.2318877 ]]
[[0.88668874]
 [0.45168879]
 [5.86143749]]
[[0.07761892]
 [1.13236994]
 [0.76728463]]
[[0.07515181]
 [1.14081145]
 [0.77811998]]
[[0.98042758]
 [0.4617683 ]
 [5.70141799]]
[[1.02198214]
 [0.46596831]
 [5.63384185]]
[[0.08202603]
 [1.11707656]
 [0.74780284]]
[[0.85189829]
 [3.97061262]
 [0.23069483]]
[[0.92724842]
 [0.45615928]
 [5.7908465 ]]
[[0.08098744]
 [1.12070602]
 [0.75240894]]
[[0.08165218]
 [1.11838485]
 [0.74946192]]
[[1.18599757]
 [0.48119989]
 [5.38457084]]
[[0.84487198]
 [3.97799928]
 [0.2292737 ]]
[[0.8514924 ]
 [3.97103789]
 [0.23061295]]
[[0.96034128]
 [0.4596818 ]
 [5.73479491]]
[[0.08796658]
 [1.09600076]
 [0.72127047]]
[[1.03882506]
 [0.46762801]
 [5.60699648]]
[[0.84879003]
 [3.97387373]
 [0.23006713]]
[[0.84791448]
 [3.97479422]
 [0.22989004]]
[[0.84715659]
 [3.97559167]
 [0.22973665]]
[[0.88478554]
 [3.93672805]
 [0.2372441 ]]
[[0.08974146]
 [1.08959506]
 [0.7132792 ]]
[[0.085375  ]
 [1.10526267]
 [0.73288512]]
[[0.92610553]
 [0.45603568]
 [5.79280656]]
[[2.14681505]
 [0.54471308]
 [4.28796211]]
[[1.04776829]
 [0.46849967]
 [5.59286575]]
[[0.08946759]
 [1.09058688]
 [0.71451428]]
[[0.85431688]
 [3.96808224]
 [0.23118219]]
[[0.8965252 ]
 [0.45278912]
 [5.84411996]]
[[0.08678608]
 [1.10023297]
 [0.72656894]]
[[0.08666932]
 [1.10065035]
 [0.72709228]]
[[1.38115027]
 [0.49706559]
 [5.1184327 ]]
[[0.08672642]
 [1.10044625]
 [0.72683635]]
[[0.91261667]
 [0.45456663]
 [5.81606558]]
[[0.08720382]
 [1.09873789]
 [0.7246955 ]]
[[0.93367483]
 [0.45685185]
 [5.77985575]]
[[0.85434469]
 [3.96805318]
 [0.23118779]]
[[0.96165558]
 [0.45981949]
 [5.73259634]]
[[1.04981133]
 [0.46869787]
 [5.58964951]]
[[0.09030825]
 [1.08753846]
 [0.71072076]]
[[0.08463696]
 [1.10788095]
 [0.73618136]]
[[0.87027746]
 [0.44982905]
 [5.89062111]]
[[0.85040253]
 [3.97218065]
 [0.23039296]]
[[0.9507413 ]
 [0.45867104]
 [5.75091687]]
[[0.8580305 ]
 [3.96420908]
 [0.23192873]]
[[0.84854277]
 [3.9741336 ]
 [0.23001713]]
[[0.85724922]
 [3.96502271]
 [0.23177185]]
[[0.9746024 ]
 [0.46116709]
 [5.71104862]]
[[0.84969403]
 [3.97292421]
 [0.23024985]]
[[1.04532143]
 [0.46826184]
 [5.59672347]]
[[0.86207234]
 [3.96001013]
 [0.23273878]]
[[0.85420217]
 [3.96820211]
 [0.2311591 ]]
[[0.85899763]
 [3.96320279]
 [0.23212279]]
[[0.07938927]
 [1.12626015]
 [0.75947855]]
[[1.02377848]
 [0.46614647]
 [5.63096407]]
[[0.85238046]
 [3.97010766]
 [0.23079207]]
[[0.85610426]
 [3.96621625]
 [0.23154177]]
[[1.08731734]
 [0.47227746]
 [5.53137304]]
[[0.079088  ]
 [1.12730305]
 [0.76080883]]
[[0.08132357]
 [1.11953311]
 [0.75091924]]
[[0.08503345]
 [1.1064754 ]
 [0.73441116]]
[[0.08763385]
 [1.09719592]
 [0.72276524]]
[[1.10252405]
 [0.47369784]
 [5.50814902]]
[[0.92968627]
 [0.4564225 ]
 [5.78667106]]
[[0.07640599]
 [1.13653061]
 [0.77261792]]
[[1.44333464]
 [0.50170523]
 [5.0394653 ]]
[[0.08376308]
 [1.11097025]
 [0.74007786]]
[[0.85055975]
 [3.97201571]
 [0.23042471]]
[[0.08739188]
 [1.0980639 ]
 [0.72385154]]
[[0.05795702]
 [1.19749834]
 [0.85237519]]
[[1.11157027]
 [0.47453463]
 [5.49444091]]
[[0.0853364]
 [1.1053998]
 [0.7330576]]
[[0.85731096]
 [3.96495838]
 [0.23178425]]
[[0.84793186]
 [3.97477593]
 [0.22989356]]
[[1.06586433]
 [0.47024355]
 [5.56452999]]
[[0.85728645]
 [3.96498393]
 [0.23177933]]
[[0.08649498]
 [1.10127315]
 [0.72787346]]
[[0.92773323]
 [0.45621168]
 [5.79001554]]
[[0.93783455]
 [0.45729792]
 [5.77276913]]
[[0.84903494]
 [3.97361641]
 [0.23011664]]
[[0.08285038]
 [1.11418437]
 [0.74414016]]
[[0.08792395]
 [1.09615398]
 [0.72146204]]
[[0.98895769]
 [0.46264305]
 [5.68738649]]
[[1.02401401]
 [0.4661698 ]
 [5.63058701]]
[[0.86538476]
 [3.95658171]
 [0.23340075]]
[[0.08428018]
 [1.10914362]
 [0.737773  ]]
[[0.07561387]
 [1.13923681]
 [0.77609439]]
[[1.0293009 ]
 [0.46669244]
 [5.62213904]]
[[1.64295511]
 [0.51549516]
 [4.80203164]]
[[0.91611122]
 [0.45494903]
 [5.81001754]]
[[0.86801127]
 [3.95387133]
 [0.23392444]]
[[0.07900958]
 [1.1275743 ]
 [0.76115497]]
[[0.8482903 ]
 [3.97439901]
 [0.22996607]]
[[1.16464659]
 [0.47932651]
 [5.41557246]]
[[0.08020818]
 [1.12341882]
 [0.75585878]]
[[0.87143803]
 [3.95034587]
 [0.23460609]]
[[0.08645997]
 [1.10139815]
 [0.72803028]]
[[0.08862328]
 [1.09363669]
 [0.71831726]]
[[0.86529415]
 [3.95667534]
 [0.23338267]]
[[0.85229087]
 [3.97020147]
 [0.230774  ]]
[[1.06600285]
 [0.4702568 ]
 [5.56431438]]
[[1.15302453]
 [0.47829397]
 [5.43261929]]
[[0.85670095]
 [3.96559407]
 [0.2316617 ]]
[[0.85565327]
 [3.96668675]
 [0.23145109]]
[[0.85303273]
 [3.96942497]
 [0.23092354]]
[[0.94966195]
 [0.45855683]
 [5.75273649]]
[[0.0873467 ]
 [1.09822587]
 [0.72405433]]
[[0.0848003 ]
 [1.10730218]
 [0.73545224]]
[[0.84809495]
 [3.97460442]
 [0.22992655]]
[[0.84600934]
 [3.97679998]
 [0.22950428]]
[[0.07679777]
 [1.13518893]
 [0.77089656]]
[[0.08126638]
 [1.1197328 ]
 [0.75117277]]
[[0.84750184]
 [3.97522832]
 [0.22980653]]
[[0.08075532]
 [1.12151502]
 [0.75343711]]
[[0.92543672]
 [0.45596328]
 [5.79395434]]
[[0.8736535 ]
 [3.94807301]
 [0.23504583]]
training accuracies = 156.85000970356523%
[[0.08507789]
 [1.10631771]
 [0.73421266]]
[[1.03837637]
 [0.4675841 ]
 [5.60770766]]
[[0.85628775]
 [3.96602488]
 [0.23157866]]
[[0.8527766 ]
 [3.96969299]
 [0.23087192]]
[[0.91789735]
 [0.45514399]
 [5.80693232]]
[[0.93429635]
 [0.45691861]
 [5.77879554]]
[[0.86017913]
 [3.96197479]
 [0.23235967]]
[[0.85417063]
 [3.96823508]
 [0.23115275]]
[[0.85164196]
 [3.97088116]
 [0.23064312]]
[[1.51084066]
 [0.50654655]
 [4.95655695]]
[[0.08813282]
 [1.09540297]
 [0.72052327]]
[[0.08208539]
 [1.11686863]
 [0.74753929]]
[[0.87722441]
 [3.94442014]
 [0.23575303]]
[[1.06280884]
 [0.46995094]
 [5.56929059]]
[[0.87891265]
 [3.94269766]
 [0.2360867 ]]
[[0.08940398]
 [1.09081703]
 [0.714801  ]]
[[0.082741  ]
 [1.11456871]
 [0.74462649]]
[[0.0866274 ]
 [1.10080013]
 [0.72728012]]
[[1.01380223]
 [0.46515357]
 [5.64699105]]
[[0.84558255]
 [3.97724985]
 [0.22941778]]
[[0.86854058]
 [3.95332599]
 [0.23402985]]
[[1.11529152]
 [0.47487711]
 [5.48882493]]
[[0.09023649]
 [1.08779915]
 [0.71104487]]
[[0.08720117]
 [1.09874739]
 [0.72470739]]
[[1.08576884]
 [0.47213184]
 [5.53375081]]
[[0.87992725]
 [0.45092624]
 [5.87341677]]
[[0.84935296]
 [3.97328235]
 [0.23018092]]
[[0.08771516]
 [1.096904  ]
 [0.72240003]]
[[1.09389845]
 [0.4728943 ]
 [5.5212942 ]]
[[0.09058413]
 [1.08653548]
 [0.70947432]]
testing  accuracies = 156.43811168831786%
epochs = 19
